0.140011 10
0.180161 11
0.180281 12
0.180401 13
0.180521 14
0.180642 15
0.180762 16
0.180882 17
0.181002 18
0.181122 19
0.181242 20
0.228615 21
0.229999 22
0.231383 23
0.232767 24
0.234151 25
0.235535 26
0.236919 27
0.238303 28
0.239687 29
0.241072 30
0.242456 31
0.24384 32
0.245224 33
0.246608 34
0.26046 35
0.261844 36
0.263228 37
0.264612 38
0.265996 39
0.26738 40
0.268764 41
0.270148 42
0.271532 43
0.272916 44
0.274301 45
0.275607 46
0.276914 47
0.278111 48
0.279217 49
0.280243 50
0.281201 51
0.282159 52
0.283058 53
0.283903 54
0.284748 55
0.285547 56
0.286303 57
0.28706 58
0.287778 59
0.292808 60
0.293527 61
0.294245 62
0.300609 63
0.301328 64
0.302046 65
0.302765 66
0.303483 67
0.304202 68
0.304921 69
0.305639 70
0.306358 71
0.307076 72
0.307795 73
0.308513 74
0.309232 75
0.309951 76
0.310669 77
0.311388 78
0.312106 79
0.312825 80
0.313543 81
0.314262 82
0.314981 83
0.315699 84
0.316418 85
0.317136 86
0.317855 87
0.318573 88
0.319292 89
0.320011 90
0.320729 91
0.321448 92
0.322166 93
0.322885 94
0.323603 95
0.324322 96
0.325041 97
0.325759 98
0.326478 99
0.327196 100
0.327915 101
0.328633 102
0.329352 103
0.33007 104
0.330789 105
0.331508 106
0.332226 107
0.332945 108
0.333663 109
0.33437 110
0.335056 111
0.335721 112
0.336386 113
0.337051 114
0.337716 115
0.338382 116
0.339047 117
0.339712 118
0.340377 119
0.341043 120
0.341592 121
0.342126 122
0.34266 123
0.343071 124
0.343471 125
0.34387 126
0.34427 127
0.34467 128
0.345059 129
0.345449 130
0.345838 131
0.346218 132
0.346597 133
0.346977 134
0.347357 135
0.347727 136
0.348097 137
0.348468 138
0.348838 139
0.3492 140
0.349561 141
0.349923 142
0.350285 143
0.350638 144
0.350991 145
0.351344 146
0.351697 147
0.352043 148
0.352388 149
0.352733 150
0.353078 151
0.353416 152
0.353754 153
0.354091 154
0.354429 155
0.354759 156
0.35509 157
0.35542 158
0.35575 159
0.356081 160
0.356404 161
0.356728 162
0.357051 163
0.357375 164
0.357694 165
0.358013 166
0.358326 167
0.358638 168
0.35895 169
0.359263 170
0.359575 171
0.359882 172
0.360189 173
0.360495 174
0.360802 175
0.361109 176
0.361414 177
0.36172 178
0.362023 179
0.362327 180
0.362624 181
0.362921 182
0.363218 183
0.363515 184
0.363812 185
0.364109 186
0.364406 187
0.364703 188
0.365 189
0.365297 190
0.365594 191
0.36589 192
0.366187 193
0.366482 194
0.366778 195
0.367073 196
0.367368 197
0.367657 198
0.367946 199
0.368235 200
0.368524 201
0.368813 202
0.369102 203
0.369391 204
0.36968 205
0.369969 206
0.370258 207
0.370547 208
0.370938 209
0.371227 210
0.371657 211
0.371946 212
0.372376 213
0.372665 214
0.373094 215
0.373383 216
0.373813 217
0.374102 218
0.37452 219
0.374809 220
0.375205 221
0.375494 222
0.37587 223
0.376159 224
0.376535 225
0.376824 226
0.377201 227
0.37749 228
0.377866 229
0.378155 230
0.378531 231
0.37882 232
0.379196 233
0.379485 234
0.379862 235
0.380151 236
0.380527 237
0.380816 238
0.381192 239
0.381476 240
0.38176 241
0.382009 242
0.382275 243
0.38252 244
0.382809 245
0.383054 246
0.383298 247
0.383543 248
0.383787 249
0.384028 250
0.384268 251
0.384509 252
0.384746 253
0.384983 254
0.38522 255
0.385454 256
0.385688 257
0.385921 258
0.386155 259
0.386387 260
0.386615 261
0.386844 262
0.387072 263
0.3873 264
0.387525 265
0.38775 266
0.387975 267
0.388197 268
0.388419 269
0.38864 270
0.388859 271
0.389077 272
0.389295 273
0.389514 274
0.389729 275
0.389944 276
0.390159 277
0.390371 278
0.390583 279
0.390795 280
0.391004 281
0.391213 282
0.391422 283
0.391631 284
0.391836 285
0.392042 286
0.392248 287
0.392451 288
0.392654 289
0.392856 290
0.393059 291
0.393259 292
0.393458 293
0.393658 294
0.393855 295
0.394052 296
0.394249 297
0.394443 298
0.394637 299
0.39483 300
0.395024 301
0.395215 302
0.395407 303
0.395595 304
0.395784 305
0.395972 306
0.39616 307
0.396347 308
0.396534 309
0.396722 310
0.396906 311
0.397091 312
0.397275 313
0.397457 314
0.397639 315
0.397821 316
0.398002 317
0.398182 318
0.398361 319
0.39854 320
0.398717 321
0.398893 322
0.399068 323
0.399243 324
0.399417 325
0.399591 326
0.399764 327
0.399937 328
0.40011 329
0.400281 330
0.400452 331
0.400623 332
0.400793 333
0.400961 334
0.401128 335
0.401294 336
0.401461 337
0.401627 338
0.401793 339
0.401958 340
0.402123 341
0.402288 342
0.402451 343
0.402614 344
0.402777 345
0.402937 346
0.403098 347
0.403257 348
0.403416 349
0.403575 350
0.403734 351
0.403892 352
0.404049 353
0.404207 354
0.404364 355
0.40452 356
0.404675 357
0.404829 358
0.404983 359
0.405137 360
0.405291 361
0.405444 362
0.405597 363
0.405749 364
0.4059 365
0.406051 366
0.4062 367
0.40635 368
0.406499 369
0.406648 370
0.406796 371
0.406945 372
0.407093 373
0.40724 374
0.407387 375
0.407533 376
0.407679 377
0.407825 378
0.407969 379
0.408114 380
0.408256 381
0.408399 382
0.408542 383
0.408685 384
0.408827 385
0.408969 386
0.409111 387
0.409252 388
0.409392 389
0.409532 390
0.409673 391
0.409811 392
0.40995 393
0.410089 394
0.410228 395
0.410365 396
0.410503 397
0.410641 398
0.410778 399
0.410914 400
0.41105 401
0.411186 402
0.411322 403
0.411458 404
0.411593 405
0.411728 406
0.411862 407
0.411997 408
0.412132 409
0.412265 410
0.412399 411
0.412532 412
0.412665 413
0.412799 414
0.412932 415
0.413064 416
0.413197 417
0.413329 418
0.413461 419
0.413593 420
0.413724 421
0.413855 422
0.413986 423
0.414117 424
0.414248 425
0.414379 426
0.414508 427
0.414638 428
0.414768 429
0.414898 430
0.415027 431
0.415156 432
0.415284 433
0.415413 434
0.415541 435
0.41567 436
0.415797 437
0.415924 438
0.416052 439
0.416179 440
0.416306 441
0.416433 442
0.416559 443
0.416685 444
0.416812 445
0.416938 446
0.417064 447
0.41719 448
0.417316 449
0.417442 450
0.417568 451
0.417694 452
0.41782 453
0.417946 454
0.418073 455
0.418199 456
0.418325 457
0.418451 458
0.418577 459
0.418703 460
0.418829 461
0.418955 462
0.419081 463
0.419207 464
0.419346 465
0.419472 466
0.419635 467
0.419761 468
0.420011 469
0.420137 470
0.4203 471
0.420426 472
0.420676 473
0.420802 474
0.420965 475
0.421091 476
0.421341 477
0.421461 478
0.421625 479
0.421746 480
0.42191 481
0.42203 482
0.422158 483
0.422278 484
0.422425 485
0.422545 486
0.422669 487
0.422789 488
0.422959 489
0.423079 490
0.423203 491
0.423323 492
0.423448 493
0.423568 494
0.423692 495
0.423812 496
0.423937 497
0.424057 498
0.424177 499
0.424297 500
0.424418 501
0.424538 502
0.424658 503
0.424779 504
0.424899 505
0.425019 506
0.425139 507
0.425259 508
0.425379 509
0.4255 510
0.42562 511
0.42574 512
0.42586 513
0.42598 514
0.4261 515
0.426221 516
0.426341 517
0.426461 518
0.426581 519
0.426701 520
0.426821 521
0.426941 522
0.427062 523
0.427182 524
0.427302 525
0.427422 526
0.427542 527
0.427662 528
0.427783 529
0.427903 530
0.428023 531
0.428143 532
0.428263 533
0.428383 534
0.428504 535
0.428624 536
0.428744 537
0.428864 538
0.428984 539
0.429104 540
0.429225 541
0.429345 542
0.429465 543
0.429585 544
0.429705 545
0.429825 546
0.429945 547
0.430066 548
0.430186 549
0.430306 550
0.430426 551
0.430546 552
0.430666 553
0.430787 554
0.430907 555
0.431027 556
0.431147 557
0.431267 558
0.431387 559
0.431508 560
0.431628 561
0.431748 562
0.431868 563
0.431988 564
0.432108 565
0.432229 566
0.432349 567
0.432469 568
0.432589 569
0.432709 570
0.432829 571
0.432949 572
0.43307 573
0.43319 574
0.43331 575
0.43343 576
0.43355 577
0.43367 578
0.433791 579
0.433911 580
0.434031 581
0.434151 582
0.434271 583
0.434391 584
0.434512 585
0.434632 586
0.434752 587
0.434872 588
0.434992 589
0.435112 590
0.435233 591
0.435353 592
0.435473 593
0.435593 594
0.435713 595
0.435833 596
0.435953 597
0.436074 598
0.436194 599
0.436314 600
0.436434 601
0.436554 602
0.436674 603
0.436795 604
0.436915 605
0.437035 606
0.437155 607
0.437275 608
0.437395 609
0.437516 610
0.437636 611
0.437756 612
0.437876 613
0.437996 614
0.438116 615
0.438237 616
0.438357 617
0.438477 618
0.438597 619
0.438717 620
0.438837 621
0.438957 622
0.439078 623
0.439198 624
0.439318 625
0.439438 626
0.439558 627
0.439678 628
0.439799 629
0.439919 630
0.440039 631
0.440159 632
0.440279 633
0.440399 634
0.44052 635
0.44064 636
0.44076 637
0.44088 638
0.441 639
0.44112 640
0.441241 641
0.441361 642
0.441481 643
0.441601 644
0.441721 645
0.441841 646
0.441961 647
0.442082 648
0.442202 649
0.442322 650
0.442442 651
0.442562 652
0.442682 653
0.442803 654
0.442923 655
0.443043 656
0.443163 657
0.443283 658
0.443403 659
0.443524 660
0.443644 661
0.443764 662
0.443884 663
0.444004 664
0.444124 665
0.444245 666
0.444365 667
0.444485 668
0.444605 669
0.444725 670
0.444845 671
0.444965 672
0.445086 673
0.445206 674
0.445326 675
0.445446 676
0.445566 677
0.445686 678
0.445807 679
0.445927 680
0.446047 681
0.446167 682
0.446287 683
0.446407 684
0.446528 685
0.446648 686
0.446768 687
0.446888 688
0.447008 689
0.447128 690
0.447249 691
0.447369 692
0.447489 693
0.447609 694
0.447729 695
0.447849 696
0.447969 697
0.44809 698
0.44821 699
0.44833 700
0.44845 701
0.44857 702
0.44869 703
0.448811 704
0.448931 705
0.449051 706
0.449171 707
0.449291 708
0.449411 709
0.449532 710
0.449652 711
0.449772 712
0.449892 713
0.450012 714
0.450132 715
0.450253 716
0.450373 717
0.450493 718
0.450613 719
0.450733 720
0.450853 721
0.450973 722
0.451094 723
0.451214 724
0.451334 725
0.451454 726
0.451574 727
0.451694 728
0.451815 729
0.451935 730
0.452055 731
0.452175 732
0.452295 733
0.452415 734
0.452536 735
0.452656 736
0.452776 737
0.452896 738
0.453016 739
0.453136 740
0.453257 741
0.453377 742
0.453497 743
0.453617 744
0.453737 745
0.453857 746
0.453977 747
0.454098 748
0.454218 749
0.454338 750
0.454458 751
0.454578 752
0.454698 753
0.454819 754
0.454939 755
0.455059 756
0.455179 757
0.455299 758
0.455419 759
0.45554 760
0.45566 761
0.45578 762
0.4559 763
0.45602 764
0.45614 765
0.456261 766
0.456381 767
0.456501 768
0.456621 769
0.456741 770
0.456861 771
0.456981 772
0.457102 773
0.457222 774
0.457342 775
0.457462 776
0.457582 777
0.457702 778
0.457823 779
0.457943 780
0.458063 781
0.458183 782
0.458303 783
0.458423 784
0.458544 785
0.458664 786
0.458784 787
0.458904 788
0.459024 789
0.459144 790
0.459265 791
0.459385 792
0.459505 793
0.459625 794
0.459745 795
0.459865 796
0.459985 797
0.460106 798
0.460226 799
0.460346 800
0.460466 801
0.460586 802
0.460706 803
0.460827 804
0.460947 805
0.461067 806
0.461187 807
0.461307 808
0.461427 809
0.461548 810
0.461668 811
0.461788 812
0.461908 813
0.462028 814
0.462148 815
0.462269 816
0.462389 817
0.462509 818
0.462629 819
0.462749 820
0.462869 821
0.462989 822
0.46311 823
0.46323 824
0.46335 825
0.46347 826
0.46359 827
0.46371 828
0.463831 829
0.463951 830
0.464071 831
0.464191 832
0.464311 833
0.464431 834
0.464552 835
0.464672 836
0.464792 837
0.464912 838
0.465032 839
0.465152 840
0.465273 841
0.465393 842
0.465513 843
0.465633 844
0.465753 845
0.465873 846
0.465993 847
0.466114 848
0.466234 849
0.466354 850
0.466474 851
0.466594 852
0.466714 853
0.466835 854
0.466955 855
0.467075 856
0.467195 857
0.467315 858
0.467435 859
0.467556 860
0.467676 861
0.467796 862
0.467916 863
0.468036 864
0.468156 865
0.468277 866
0.468397 867
0.468517 868
0.468637 869
0.468757 870
0.468877 871
0.468997 872
0.469118 873
0.469238 874
0.469358 875
0.469478 876
0.469598 877
0.469718 878
0.469839 879
0.469959 880
0.470079 881
0.470199 882
0.470319 883
0.470439 884
0.47056 885
0.47068 886
0.4708 887
0.47092 888
0.47104 889
0.47116 890
0.471281 891
0.471401 892
0.471521 893
0.471641 894
0.471761 895
0.471881 896
0.472001 897
0.472122 898
0.472242 899
0.472362 900
0.472482 901
0.472602 902
0.472722 903
0.472843 904
0.472963 905
0.473083 906
0.473203 907
0.473323 908
0.473443 909
0.473564 910
0.473684 911
0.473804 912
0.473924 913
0.474044 914
0.474164 915
0.474285 916
0.474405 917
0.474525 918
0.474645 919
0.474765 920
0.474885 921
0.475005 922
0.475126 923
0.475246 924
0.475366 925
0.475486 926
0.475606 927
0.475726 928
0.475847 929
0.475967 930
0.476087 931
0.476207 932
0.476327 933
0.476447 934
0.476568 935
0.476688 936
0.476808 937
0.476928 938
0.477048 939
0.477168 940
0.477289 941
0.477409 942
0.477529 943
0.477649 944
0.477769 945
0.477889 946
0.478009 947
0.47813 948
0.47825 949
0.47837 950
0.47849 951
0.47861 952
0.47873 953
0.478851 954
0.478971 955
0.479091 956
0.479211 957
0.479331 958
0.479451 959
0.479572 960
0.479692 961
0.479812 962
0.479932 963
0.480052 964
0.480172 965
0.480533 966
0.532444 965
0.532444 964
0.532444 965
0.532564 964
0.532685 963
0.532805 962
0.532925 961
0.533045 960
0.533165 959
0.533285 958
0.533406 957
0.533526 956
0.533646 955
0.533766 954
0.533886 953
0.534006 952
0.534127 951
0.534247 950
0.534367 949
0.534487 948
0.534607 947
0.534727 946
0.534847 945
0.534968 944
0.535088 943
0.535208 942
0.535328 941
0.535448 940
0.535568 939
0.535689 938
0.535809 937
0.535929 936
0.536049 935
0.536169 934
0.536289 933
0.53641 932
0.53653 931
0.53665 930
0.53677 929
0.53689 928
0.53701 927
0.537131 926
0.537251 925
0.537371 924
0.537491 923
0.537611 922
0.537731 921
0.537851 920
0.537972 919
0.538092 918
0.538212 917
0.538332 916
0.538452 915
0.538572 914
0.538693 913
0.538813 912
0.538933 911
0.539053 910
0.539173 909
0.539293 908
0.539414 907
0.539534 906
0.539654 905
0.539774 904
0.539894 903
0.540014 902
0.540135 901
0.540255 900
0.540375 899
0.540495 898
0.540615 897
0.540735 896
0.540855 895
0.540976 894
0.541096 893
0.541216 892
0.541336 891
0.541456 890
0.541576 889
0.541697 888
0.541817 887
0.541937 886
0.542057 885
0.542177 884
0.542297 883
0.542418 882
0.542538 881
0.542658 880
0.542778 879
0.542898 878
0.543018 877
0.543139 876
0.543259 875
0.543379 874
0.543499 873
0.543619 872
0.543739 871
0.543859 870
0.54398 869
0.5441 868
0.54422 867
0.54434 866
0.54446 865
0.54458 864
0.544701 863
0.544821 862
0.544941 861
0.545061 860
0.545181 859
0.545301 858
0.545422 857
0.545542 856
0.545662 855
0.545782 854
0.545902 853
0.546022 852
0.546143 851
0.546263 850
0.546383 849
0.546503 848
0.546623 847
0.546743 846
0.546863 845
0.546984 844
0.547104 843
0.547224 842
0.547344 841
0.547464 840
0.547584 839
0.547705 838
0.547825 837
0.547945 836
0.548065 835
0.548185 834
0.548305 833
0.548426 832
0.548546 831
0.548666 830
0.548786 829
0.548906 828
0.549026 827
0.549147 826
0.549267 825
0.549387 824
0.549507 823
0.549627 822
0.549747 821
0.549867 820
0.549988 819
0.550108 818
0.550228 817
0.550348 816
0.550468 815
0.550588 814
0.550709 813
0.550829 812
0.550949 811
0.551069 810
0.551189 809
0.551309 808
0.55143 807
0.55155 806
0.55167 805
0.55179 804
0.55191 803
0.55203 802
0.552151 801
0.552271 800
0.552391 799
0.552511 798
0.552631 797
0.552751 796
0.552871 795
0.552992 794
0.553112 793
0.553232 792
0.553352 791
0.553472 790
0.553592 789
0.553713 788
0.553833 787
0.553953 786
0.554073 785
0.554193 784
0.554313 783
0.554434 782
0.554554 781
0.554674 780
0.554794 779
0.554914 778
0.555034 777
0.555155 776
0.555275 775
0.555395 774
0.555515 773
0.555635 772
0.555755 771
0.555875 770
0.555996 769
0.556116 768
0.556236 767
0.556356 766
0.556476 765
0.556596 764
0.556717 763
0.556837 762
0.556957 761
0.557077 760
0.557197 759
0.557317 758
0.557438 757
0.557558 756
0.557678 755
0.557798 754
0.557918 753
0.558038 752
0.558159 751
0.558279 750
0.558399 749
0.558519 748
0.558639 747
0.558759 746
0.558879 745
0.559 744
0.55912 743
0.55924 742
0.55936 741
0.55948 740
0.5596 739
0.559721 738
0.559841 737
0.559961 736
0.560081 735
0.560201 734
0.560321 733
0.560442 732
0.560562 731
0.560682 730
0.560802 729
0.560922 728
0.561042 727
0.561163 726
0.561283 725
0.561403 724
0.561523 723
0.561643 722
0.561763 721
0.561883 720
0.562004 719
0.562124 718
0.562244 717
0.562244 718
0.562364 717
0.562364 718
0.562484 717
0.562484 718
0.562604 717
0.562604 718
0.562725 717
0.562725 718
0.562845 717
0.562845 718
0.562965 717
0.562965 718
0.563085 717
0.563085 718
0.563205 717
0.563205 718
0.563325 717
0.563325 718
0.563446 717
0.563446 718
0.563566 717
0.563566 718
0.563686 717
0.563686 718
0.563806 717
0.563806 718
0.563926 717
0.563926 718
0.564046 717
0.564046 718
0.564167 717
0.564167 718
0.564287 717
0.564287 718
0.564407 717
0.564407 718
0.564527 719
0.564647 720
0.564767 719
0.564767 720
0.564887 721
0.565008 722
0.565128 723
0.565248 724
0.565368 725
0.565488 726
0.565608 727
0.565729 728
0.565849 729
0.565969 730
0.566089 731
0.566209 732
0.566329 733
0.56645 734
0.56657 735
0.56669 736
0.56681 737
0.56693 738
0.56705 739
0.567171 740
0.567291 741
0.567411 742
0.567531 743
0.567651 744
0.567771 745
0.567891 746
0.568012 747
0.568132 748
0.568252 749
0.568372 750
0.568492 751
0.568612 752
0.568733 753
0.568853 754
0.568973 755
0.569093 756
0.569213 757
0.569333 758
0.569454 759
0.569574 760
0.569694 761
0.569814 762
0.569934 763
0.570054 764
0.570175 765
0.570295 766
0.570415 767
0.570535 768
0.570655 769
0.570775 770
0.570895 771
0.571016 772
0.571136 773
0.571256 774
0.571376 775
0.571496 776
0.571616 777
0.571737 778
0.571857 779
0.571977 780
0.572097 781
0.572217 782
0.572337 783
0.572458 784
0.572578 785
0.572698 786
0.572818 787
0.572938 788
0.573058 789
0.573179 790
0.573299 791
0.573419 792
0.573539 793
0.573659 794
0.573779 795
0.573899 796
0.57402 797
0.57414 798
0.57426 799
0.57438 800
0.5745 801
0.57462 802
0.574741 803
0.574861 804
0.574981 805
0.575101 806
0.575221 807
0.575341 808
0.575462 809
0.575582 810
0.575702 811
0.575822 812
0.575942 813
0.576062 814
0.576183 815
0.576303 816
0.576423 817
0.576543 818
0.576663 819
0.576783 820
0.576903 821
0.577024 822
0.577144 823
0.577264 824
0.577384 825
0.577504 826
0.577624 827
0.577745 828
0.577865 829
0.577985 830
0.578105 831
0.578225 832
0.578345 833
0.578466 834
0.578586 835
0.578706 836
0.578826 837
0.578946 838
0.579066 839
0.579187 840
0.579307 841
0.579427 842
0.579547 843
0.579667 844
0.579787 845
0.579907 846
0.580028 847
0.580148 848
0.580268 849
0.580388 850
0.580508 851
0.580628 852
0.580749 853
0.580869 854
0.580989 855
0.581109 856
0.581229 857
0.581349 858
0.58147 859
0.58159 860
0.58171 861
0.58183 862
0.58195 863
0.58207 864
0.582191 865
0.582311 866
0.582431 867
0.582551 868
0.582671 869
0.582791 870
0.582911 871
0.583032 872
0.583152 873
0.583272 874
0.583392 875
0.583512 876
0.583632 877
0.583753 878
0.583873 879
0.583993 880
0.584113 881
0.584233 882
0.584353 883
0.584474 884
0.584594 885
0.584714 886
0.584834 887
0.584954 888
0.585074 889
0.585195 890
0.585315 891
0.585435 892
0.585555 893
0.585675 894
0.585795 895
0.585915 896
0.586036 897
0.586156 898
0.586276 899
0.586396 900
0.586516 901
0.586636 902
0.586757 903
0.586877 904
0.586997 905
0.587117 906
0.587237 907
0.587357 908
0.587478 909
0.587598 910
0.587718 911
0.587838 912
0.587958 913
0.588078 914
0.588199 915
0.588319 916
0.588439 917
0.588559 918
0.588679 919
0.588799 920
0.588919 921
0.58904 922
0.58916 923
0.58928 924
0.5894 925
0.58952 926
0.58964 927
0.589761 928
0.589881 929
0.590001 930
0.590121 931
0.590241 932
0.590361 933
0.590482 934
0.590602 935
0.590722 936
0.590842 937
0.590962 938
0.591082 939
0.591203 940
0.591323 941
0.591443 942
0.591563 943
0.591683 944
0.591803 945
0.591923 946
0.592044 947
0.592164 948
0.592284 949
0.592404 950
0.592524 951
0.592644 952
0.592765 953
0.592885 954
0.593005 955
0.593125 956
0.593245 957
0.593365 958
0.593486 959
0.593606 960
0.593726 961
0.593846 962
0.593966 963
0.594086 964
0.594207 965
0.594327 966
0.616316 965
0.616316 966
0.616436 965
0.616436 966
0.616556 965
0.616556 966
0.616676 965
0.616676 966
0.616797 965
0.616797 966
0.616917 965
0.616917 966
0.617037 965
0.617037 966
0.617157 965
0.617157 966
0.617277 965
0.617277 966
0.617397 965
0.617397 966
0.617518 965
0.617518 966
0.617638 965
0.617638 966
0.617758 965
0.617758 966
0.617878 965
0.617878 966
0.617998 965
0.617998 966
0.618118 965
0.618118 966
0.618239 965
0.618239 966
0.618359 965
0.618359 966
0.618479 965
0.618479 966
0.618599 965
0.618599 966
0.618719 965
0.618719 966
0.618839 965
0.618839 966
0.618959 965
0.618959 966
0.61908 965
0.61908 966
0.6192 965
0.6192 966
0.61932 965
0.61932 966
0.61944 965
0.61944 966
0.61956 965
0.61956 966
0.61968 965
0.61968 966
0.619801 965
0.619801 966
0.619921 965
0.619921 966
0.620041 965
0.620041 966
0.620161 965
0.620161 966
0.620281 965
0.620281 966
0.620401 965
0.620401 966
0.620522 965
0.620522 966
0.620642 965
0.620642 966
0.620762 965
0.620762 966
0.620882 965
0.620882 966
0.621002 965
0.621002 966
0.621122 965
0.621122 966
0.621243 965
0.621243 966
0.621363 965
0.621363 966
0.621483 965
0.621483 966
0.621603 965
0.621603 966
0.621723 965
0.621723 966
0.621843 965
0.621843 966
0.621963 965
0.621963 966
0.622084 965
0.622084 966
0.622204 965
0.622204 966
0.622324 965
0.622324 966
0.622444 965
0.622444 966
0.622564 965
0.622564 966
0.622684 965
0.622684 966
0.622805 965
0.622805 966
0.622925 965
0.622925 966
0.623045 965
0.623045 966
0.623165 965
0.623165 966
0.623285 965
0.623285 966
0.623405 965
0.623405 966
0.623526 965
0.623526 966
0.623646 965
0.623646 966
0.623766 965
0.623766 966
0.623886 965
0.623886 966
0.624006 965
0.624006 966
0.624126 965
0.624126 966
0.624247 965
0.624247 966
0.624367 965
0.624367 966
0.624487 965
0.624487 966
0.624607 965
0.624607 966
0.624727 965
0.624727 966
0.624847 965
0.624847 966
0.624967 965
0.624967 966
0.625088 965
0.625088 966
0.625208 965
0.625208 966
0.625328 965
0.625328 966
0.625448 965
0.625448 966
0.625568 965
0.625568 966
0.625688 965
0.625688 966
0.625809 965
0.625809 966
0.625929 965
0.625929 966
0.626049 965
0.626049 966
0.626169 965
0.626169 966
0.626289 965
0.626289 966
0.626409 965
0.626409 966
0.62653 965
0.62653 966
0.62665 965
0.62665 966
0.62677 965
0.62677 966
0.62689 965
0.62689 966
0.62701 965
0.62701 966
0.62713 965
0.62713 966
0.627251 965
0.627251 966
0.627371 965
0.627371 966
0.627491 965
0.627491 966
0.627611 965
0.627611 966
0.627731 965
0.627731 966
0.627851 965
0.627851 966
0.627971 965
0.627971 966
0.628092 965
0.628092 966
0.628212 965
0.628212 966
0.628332 965
0.628332 966
0.628452 965
0.628452 966
0.628572 965
0.628572 966
0.628692 965
0.628692 966
0.628813 965
0.628813 966
0.628933 965
0.628933 966
0.629053 965
0.629053 966
0.629173 965
0.629173 966
0.629293 965
0.629293 966
0.629413 965
0.629413 966
0.629534 965
0.629534 966
0.629654 965
0.629654 966
0.629774 965
0.629774 966
0.629894 965
0.629894 966
0.630014 965
0.630014 966
0.630134 965
0.630134 966
0.630255 965
0.630255 966
0.630375 965
0.630375 966
0.630495 965
0.630495 966
0.630615 965
0.630615 966
0.630735 965
0.630735 966
0.630855 965
0.630855 966
0.630975 965
0.630975 966
0.631096 965
0.631096 966
0.631216 965
0.631216 966
0.631336 965
0.631336 966
0.631456 965
0.631456 966
0.631576 965
0.631576 966
0.631696 965
0.631696 966
0.631817 965
0.631817 966
0.631937 965
0.631937 966
0.632057 965
0.632057 966
0.632177 965
0.632177 966
0.632297 965
0.632297 966
0.632417 965
0.632417 966
0.632538 965
0.632538 966
0.632658 965
0.632658 966
0.632778 965
0.632778 966
0.632898 965
0.632898 966
0.633018 965
0.633018 966
0.633138 965
0.633138 966
0.633259 965
0.633259 966
0.633379 965
0.633379 966
0.633499 965
0.633499 966
0.633619 965
0.633619 966
0.633739 965
0.633739 966
0.633859 965
0.633859 966
0.633979 965
0.633979 966
0.6341 965
0.6341 966
0.63422 965
0.63422 966
0.63434 965
0.63434 966
0.63446 965
0.63446 966
0.63458 965
0.63458 966
0.6347 965
0.6347 966
0.634821 965
0.634821 966
0.634941 965
0.634941 966
0.635061 965
0.635061 966
0.635181 965
0.635181 966
0.635301 965
0.635301 966
0.635421 965
0.635421 966
0.635542 965
0.635542 966
0.635662 965
0.635662 966
0.635782 965
0.635782 966
0.635902 965
0.635902 966
0.636022 965
0.636022 966
0.636142 965
0.636142 966
0.636263 965
0.636263 966
0.636383 965
0.636383 966
0.636503 965
0.636503 966
0.636623 965
0.636623 966
0.636743 965
0.636743 966
0.636863 965
0.636863 966
0.636983 965
0.636983 966
0.637104 965
0.637104 966
0.637224 965
0.637224 966
0.637344 965
0.637344 966
0.637464 965
0.637464 966
0.637584 965
0.637584 966
0.637704 965
0.637704 966
0.637825 965
0.637825 966
0.637945 965
0.637945 966
0.638065 965
0.638065 966
0.638185 965
0.638185 966
0.638305 965
0.638305 966
0.638425 965
0.638425 966
0.638546 965
0.638546 966
0.638666 965
0.638666 966
0.638786 965
0.638786 966
0.638906 965
0.638906 966
0.639026 965
0.639026 966
0.639146 965
0.639146 966
0.639267 965
0.639267 966
0.639387 965
0.639387 966
0.639507 965
0.639507 966
0.639627 965
0.639627 966
0.639747 965
0.639747 966
0.639867 965
0.639867 966
0.639987 965
0.639987 966
0.640108 965
0.640108 966
0.640228 965
0.640228 966
0.640348 965
0.640348 966
0.640468 965
0.640468 966
0.640588 965
0.640588 966
0.640708 965
0.640708 966
0.640829 965
0.640829 966
0.640949 965
0.640949 966
0.641069 965
0.641069 966
0.641189 965
0.641189 966
0.641309 965
0.641309 966
0.641429 965
0.641429 966
0.64155 965
0.64155 966
0.64167 965
0.64167 966
0.64179 965
0.64179 966
0.64191 965
0.64191 966
0.64203 965
0.64203 966
0.64215 965
0.64215 966
0.642271 965
0.642271 966
0.642391 965
0.642391 966
0.642511 965
0.642511 966
0.642631 965
0.642631 966
0.642751 965
0.642751 966
0.642871 965
0.642871 966
0.642991 965
0.642991 966
0.643112 965
0.643112 966
0.643232 965
0.643232 966
0.643352 965
0.643352 966
0.643472 965
0.643472 966
0.643592 965
0.643592 966
0.643712 965
0.643712 966
0.643833 965
0.643833 966
0.643953 965
0.643953 966
0.644073 965
0.644073 966
0.644193 965
0.644193 966
0.644313 965
0.644313 966
0.644433 965
0.644433 966
0.644554 965
0.644554 966
0.644674 965
0.644674 966
0.644794 965
0.644794 966
0.644914 965
0.644914 966
0.645034 965
0.645034 966
0.645154 965
0.645154 966
0.645275 965
0.645275 966
0.645395 965
0.645395 966
0.645515 965
0.645515 966
0.645635 965
0.645635 966
0.645755 965
0.645755 966
0.645875 965
0.645875 966
0.645995 965
0.645995 966
0.646116 965
0.646116 966
0.646236 965
0.646236 966
0.646356 965
0.646356 966
0.646476 965
0.646476 966
0.646596 965
0.646596 966
0.646716 965
0.646716 966
0.646837 965
0.646837 966
0.646957 965
0.646957 966
0.647077 965
0.647077 966
0.647197 965
0.647197 966
0.647317 965
0.647317 966
0.647437 965
0.647437 966
0.647558 965
0.647558 966
0.647678 965
0.647678 966
0.647798 965
0.647798 966
0.647918 965
0.647918 966
0.648038 965
0.648038 966
0.648158 965
0.648158 966
0.648277 965
0.648277 966
0.648638 2.96614e+06
0.648638 1000
0.648759 949
0.648759 930
0.648759 949
0.648879 948
0.648999 946
0.64912 945
0.64924 944
0.64936 943
0.64948 942
0.6496 941
0.64972 940
0.649841 939
0.649961 938
0.650081 937
0.650201 936
0.650321 935
0.650441 934
0.650562 933
0.650682 932
0.650802 931
0.650922 930
0.651042 929
0.651162 928
0.651283 927
0.651403 926
0.651523 925
0.651643 924
0.651763 923
0.651883 922
0.652003 921
0.652124 920
0.652244 919
0.652364 918
0.652484 917
0.652604 916
0.652724 915
0.652845 914
0.652965 913
0.653085 912
0.653205 911
0.653325 910
0.653445 909
0.653566 908
0.653686 907
0.653806 906
0.653926 905
0.654046 904
0.654166 903
0.654287 902
0.654407 901
0.654527 900
0.654647 899
0.654767 898
0.654887 897
0.655007 896
0.655128 895
0.655248 894
0.655368 893
0.655488 892
0.655608 891
0.655728 890
0.655849 889
0.655969 888
0.656089 887
0.656209 886
0.656329 885
0.656449 884
0.65657 883
0.65669 882
0.65681 881
0.65693 880
0.65705 879
0.65717 878
0.657291 877
0.657411 876
0.657531 875
0.657651 874
0.657771 873
0.657891 872
0.658011 871
0.658132 870
0.658252 869
0.658372 868
0.658492 867
0.658612 866
0.658732 865
0.658853 864
0.658973 863
0.659093 862
0.659213 861
0.659333 860
0.659453 859
0.659574 858
0.659694 857
0.659814 856
0.659934 855
0.660054 854
0.660174 853
0.660295 852
0.660415 851
0.660535 850
0.660655 849
0.660775 848
0.660895 847
0.661015 846
0.661136 845
0.661256 844
0.661376 843
0.661496 842
0.661616 841
0.661736 840
0.661857 839
0.661977 838
0.662097 837
0.662217 836
0.662337 835
0.662457 834
0.662578 833
0.662698 832
0.662818 831
0.662938 830
0.663058 829
0.663178 828
0.663299 827
0.663419 826
0.663539 825
0.663659 824
0.663779 823
0.663899 822
0.664019 821
0.66414 820
0.66426 819
0.66438 818
0.6645 817
0.66462 816
0.66474 815
0.664861 814
0.664981 813
0.665101 812
0.665221 811
0.665341 810
0.665461 809
0.665582 808
0.665702 807
0.665822 806
0.665942 805
0.666062 804
0.666182 803
0.666303 802
0.666423 801
0.666543 800
0.666663 799
0.666783 798
0.666903 797
0.667023 796
0.667144 795
0.667264 794
0.667384 793
0.667504 792
0.667624 791
0.667744 790
0.667865 789
0.667985 788
0.668105 787
0.668225 786
0.668345 785
0.668465 784
0.668586 783
0.668706 782
0.668826 781
0.668946 780
0.669066 779
0.669186 778
0.669307 777
0.669427 776
0.669547 775
0.669667 774
0.669787 773
0.669907 772
0.670027 771
0.670148 770
0.670268 769
0.670388 768
0.670508 767
0.670628 766
0.670748 765
0.670869 764
0.670989 763
0.671109 762
0.671229 761
0.671349 760
0.671469 759
0.67159 758
0.67171 757
0.67183 756
0.67195 755
0.67207 754
0.67219 753
0.672311 752
0.672431 751
0.672551 750
0.672671 749
0.672791 748
0.672911 747
0.673031 746
0.673152 745
0.673272 744
0.673392 743
0.673512 742
0.673632 741
0.673752 740
0.673873 739
0.673993 738
0.674113 737
0.674233 736
0.674353 735
0.674473 734
0.674594 733
0.674714 732
0.674834 731
0.674954 730
0.675074 729
0.675194 728
0.675315 727
0.675435 726
0.675555 725
0.675675 724
0.675795 723
0.675915 722
0.676035 721
0.676156 720
0.676276 719
0.676396 718
0.676516 717
0.676636 716
0.676756 715
0.676877 714
0.676997 713
0.677117 712
0.677237 711
0.677357 710
0.677477 709
0.677598 708
0.677718 707
0.677838 706
0.677958 705
0.678078 704
0.678198 703
0.678319 702
0.678439 701
0.678559 700
0.729987 701
0.730107 702
0.730228 703
0.730348 704
0.730468 705
0.730588 706
0.730708 707
0.730828 708
0.730949 709
0.731069 710
0.731189 711
0.731309 712
0.731429 713
0.731549 714
0.73167 715
0.73179 716
0.73191 717
0.73203 718
0.73215 719
0.73227 720
0.732391 721
0.732511 722
0.732631 721
0.732631 722
0.732751 721
0.732751 722
0.732871 721
0.732871 722
0.732991 721
0.732991 722
0.733111 721
0.733111 722
0.733232 721
0.733232 722
0.733352 721
0.733352 722
0.733472 721
0.733472 722
0.733592 721
0.733592 722
0.733712 721
0.733712 722
0.733832 721
0.733832 722
0.733953 721
0.733953 722
0.734073 721
0.734073 722
0.734193 721
0.734193 722
0.734313 721
0.734313 722
0.734433 721
0.734433 722
0.734553 721
0.734553 722
0.734674 721
0.734674 722
0.734794 721
0.734794 722
0.734914 721
0.734914 722
0.735034 721
0.735034 722
0.735154 721
0.735154 722
0.735274 721
0.735274 722
0.735395 721
0.735395 722
0.735515 721
0.735515 722
0.735635 721
0.735635 722
0.735755 721
0.735755 722
0.735875 721
0.735875 722
0.735995 721
0.735995 722
0.736115 721
0.736115 722
0.736236 721
0.736236 722
0.736356 721
0.736356 722
0.736476 721
0.736476 722
0.736596 721
0.736596 722
0.736716 721
0.736716 722
0.736836 721
0.736836 722
0.736957 721
0.736957 722
0.737077 721
0.737077 722
0.737197 721
0.737197 722
0.737317 721
0.737317 722
0.737437 721
0.737437 722
0.737557 721
0.737557 722
0.737678 721
0.737678 722
0.737798 721
0.737798 722
0.737918 721
0.737918 722
0.738038 721
0.738038 722
0.738158 721
0.738158 722
0.738278 721
0.738278 722
0.738399 721
0.738399 722
0.738519 721
0.738519 722
0.738639 721
0.738639 722
0.738759 721
0.738759 722
0.738879 721
0.738879 722
0.738999 721
0.738999 722
0.739119 721
0.739119 722
0.73924 721
0.73924 722
0.73936 721
0.73936 722
0.73948 721
0.73948 722
0.7396 721
0.7396 722
0.73972 721
0.73972 722
0.73984 721
0.73984 722
0.739961 721
0.739961 722
0.740081 721
0.740081 722
0.740201 721
0.740201 722
0.740321 721
0.740321 722
0.740441 721
0.740441 722
0.740561 721
0.740561 722
0.740682 721
0.740682 722
0.740802 721
0.740802 722
0.740922 721
0.740922 722
0.741042 721
0.741042 722
0.741162 721
0.741162 722
0.741282 721
0.741282 722
0.741403 721
0.741403 722
0.741523 721
0.741523 722
0.741643 721
0.741643 722
0.741763 721
0.741763 722
0.741883 721
0.741883 722
0.742003 721
0.742003 722
0.742123 721
0.742123 722
0.742244 721
0.742244 722
0.742364 721
0.742364 722
0.742484 721
0.742484 722
0.742604 721
0.742604 722
0.742724 721
0.742724 722
0.742844 721
0.742844 722
0.742965 721
0.742965 722
0.743085 721
0.743085 722
0.743205 721
0.743205 722
0.743325 721
0.743325 722
0.743445 721
0.743445 722
0.743565 721
0.743565 722
0.743686 721
0.743686 722
0.743806 721
0.743806 722
0.743926 721
0.743926 722
0.744046 721
0.744046 722
0.744166 721
0.744166 722
0.744286 721
0.744286 722
0.744407 721
0.744407 722
0.744527 721
0.744527 722
0.744647 721
0.744647 722
0.744767 721
0.744767 722
0.744887 721
0.744887 722
0.745007 721
0.745007 722
0.745127 721
0.745127 722
0.745248 721
0.745248 722
0.745368 721
0.745368 722
0.745488 721
0.745488 722
0.745608 721
0.745608 722
0.745728 721
0.745728 722
0.745848 721
0.745848 722
0.745969 721
0.745969 722
0.746089 721
0.746089 722
0.746209 721
0.746209 722
0.746329 721
0.746329 722
0.746449 721
0.746449 722
0.746569 721
0.746569 722
0.74669 721
0.74669 722
0.74681 721
0.74681 722
0.74693 721
0.74693 722
0.74705 721
0.74705 722
0.74717 721
0.74717 722
0.74729 721
0.74729 722
0.747411 721
0.747411 722
0.747531 721
0.747531 722
0.747651 721
0.747651 722
0.747771 721
0.747771 722
0.747891 721
0.747891 722
0.748011 721
0.748011 722
0.748131 721
0.748131 722
0.748252 721
0.748252 722
0.748372 721
0.748372 722
0.748492 721
0.748492 722
0.748612 721
0.748612 722
0.748732 721
0.748732 722
0.748852 721
0.748852 722
0.748973 721
0.748973 722
0.749093 721
0.749093 722
0.749213 721
0.749213 722
0.749333 721
0.749333 722
0.749453 721
0.749453 722
0.749573 721
0.749573 722
0.749694 721
0.749694 722
0.749814 721
0.749814 722
0.749934 721
0.749934 722
0.750054 721
0.750054 722
0.750174 721
0.750174 722
0.750294 721
0.750294 722
0.750415 721
0.750415 722
0.750535 721
0.750535 722
0.750655 721
0.750655 722
0.750775 721
0.750775 722
0.750895 721
0.750895 722
0.751015 721
0.751015 722
0.751135 721
0.751135 722
0.751256 721
0.751256 722
0.751376 721
0.751376 722
0.751496 721
0.751496 722
0.751616 721
0.751616 722
0.751736 721
0.751736 722
0.751856 721
0.751856 722
0.751977 721
0.751977 722
0.752097 721
0.752097 722
0.752217 721
0.752217 722
0.752337 721
0.752337 722
0.752457 721
0.752457 722
0.752577 721
0.752577 722
0.752698 721
0.752698 722
0.752818 721
0.752818 722
0.752938 721
0.752938 722
0.753058 721
0.753058 722
0.753178 721
0.753178 722
0.753298 721
0.753298 722
0.753419 721
0.753419 722
0.753539 721
0.753539 722
0.753659 721
0.753659 722
0.753779 721
0.753779 722
0.753899 721
0.753899 722
0.754019 721
0.754019 722
0.754139 721
0.754139 722
0.75426 721
0.75426 722
0.75438 721
0.75438 722
0.7545 721
0.7545 722
0.75462 721
0.75462 722
0.75474 721
0.75474 722
0.75486 721
0.75486 722
0.754981 721
0.754981 722
0.755101 721
0.755101 722
0.755221 721
0.755221 722
0.755341 721
0.755341 722
0.755461 721
0.755461 722
0.755581 721
0.755581 722
0.755702 721
0.755702 722
0.755822 721
0.755822 722
0.755942 721
0.755942 722
0.756062 721
0.756062 722
0.756182 721
0.756182 722
0.756302 721
0.756302 722
0.756423 721
0.756423 722
0.756543 721
0.756543 722
0.756663 721
0.756663 722
0.756783 721
0.756783 722
0.756903 721
0.756903 722
0.757023 721
0.757023 722
0.757143 721
0.757143 722
0.757264 721
0.757264 722
0.757384 721
0.757384 722
0.757504 721
0.757504 722
0.757624 721
0.757624 722
0.757744 721
0.757744 722
0.757864 721
0.757864 722
0.757985 721
0.757985 722
0.758105 721
0.758105 722
0.758225 721
0.758225 722
0.758345 721
0.758345 722
0.758465 721
0.758465 722
0.758585 721
0.758585 722
0.758706 721
0.758706 722
0.758826 721
0.758826 722
0.758946 721
0.758946 722
0.759066 721
0.759066 722
0.759186 721
0.759186 722
0.759306 721
0.759306 722
0.759427 721
0.759427 722
0.759547 721
0.759547 722
0.759667 721
0.759667 722
0.759787 721
0.759787 722
0.759907 721
0.759907 722
0.760027 721
0.760027 722
0.760147 721
0.760147 722
0.760268 721
0.760268 722
0.760388 721
0.760388 722
0.760508 721
0.760508 722
0.760628 721
0.760628 722
0.760748 721
0.760748 722
0.760868 721
0.760868 722
0.760989 721
0.760989 722
0.761109 721
0.761109 722
0.761229 721
0.761229 722
0.761349 721
0.761349 722
0.761469 721
0.761469 722
0.761589 721
0.761589 722
0.76171 721
0.76171 722
0.76183 721
0.76183 722
0.76195 721
0.76195 722
0.76207 721
0.76207 722
0.76219 721
0.76219 722
0.76231 721
0.76231 722
0.762431 721
0.762431 722
0.762551 721
0.762551 722
0.762671 721
0.762671 722
0.762791 721
0.762791 722
0.762911 721
0.762911 722
0.763031 721
0.763031 722
0.763151 721
0.763151 722
0.763272 721
0.763272 722
0.763392 721
0.763392 722
0.763512 721
0.763512 722
0.763632 721
0.763632 722
0.763752 721
0.763752 722
0.763872 721
0.763872 722
0.763993 721
0.763993 722
0.764113 721
0.764113 722
0.764233 721
0.764233 722
0.764353 721
0.764353 722
0.764472 721
0.764472 722
0.764592 721
0.764592 722
0.764711 721
0.764711 722
0.764832 723
0.764952 724
0.765073 722
0.765073 723
0.765193 724
0.765313 725
0.765433 726
0.765553 727
0.765673 728
0.765793 729
0.765914 730
0.766034 731
0.766154 732
0.766274 733
0.766394 734
0.766514 735
0.766635 736
0.766755 737
0.766875 738
0.766995 739
0.767115 740
0.767235 741
0.767356 742
0.767476 743
0.767596 744
0.767716 745
0.767836 746
0.767956 747
0.768077 748
0.768197 749
0.768317 750
0.768437 751
0.768557 752
0.768677 753
0.768797 754
0.768918 755
0.769038 756
0.769158 757
0.769278 758
0.769398 759
0.769518 760
0.769639 761
0.769759 762
0.769879 763
0.769999 764
0.770119 765
0.770239 766
0.77036 767
0.77048 768
0.7706 769
0.77072 770
0.77084 771
0.77096 772
0.77108 773
0.771201 774
0.771321 775
0.771441 776
0.771561 777
0.771681 778
0.771801 779
0.771922 780
0.772042 781
0.772162 782
0.772282 783
0.772402 784
0.772522 785
0.772643 786
0.772763 787
0.772883 788
0.773003 789
0.773123 790
0.773243 791
0.773364 792
0.773484 793
0.773604 794
0.773724 795
0.773844 796
0.773964 797
0.774084 798
0.774205 799
0.774325 800
0.774445 801
0.774565 802
0.774685 803
0.774805 804
0.774926 805
0.775046 806
0.775166 807
0.775286 808
0.775406 809
0.775526 810
0.775647 811
0.775767 812
0.775887 813
0.776007 814
0.776127 815
0.776247 816
0.776368 817
0.776488 818
0.776608 819
0.776728 820
0.776848 821
0.776968 822
0.777088 823
0.777209 824
0.777329 825
0.777449 826
0.777569 827
0.777689 828
0.777809 829
0.77793 830
0.77805 831
0.77817 832
0.77829 833
0.77841 834
0.77853 835
0.778651 836
0.778771 837
0.778891 838
0.779011 839
0.779131 840
0.779251 841
0.779372 842
0.779492 843
0.779612 844
0.779732 845
0.779852 846
0.779972 847
0.780092 848
0.780213 849
0.780333 850
0.780453 851
0.780573 852
0.780693 853
0.780813 854
0.780934 855
0.781054 856
0.781174 857
0.781294 858
0.781414 859
0.781534 860
0.781655 861
0.781775 862
0.781895 863
0.782015 864
0.782135 865
0.782255 866
0.782376 867
0.782496 868
0.782616 869
0.782736 870
0.782856 871
0.782976 872
0.783096 873
0.783217 874
0.783337 875
0.783457 876
0.783577 877
0.783697 878
0.783817 879
0.783938 880
0.784058 881
0.784178 882
0.784298 883
0.784418 884
0.784538 885
0.784659 886
0.784779 887
0.784899 888
0.785019 889
0.785139 890
0.785259 891
0.78538 892
0.7855 893
0.78562 894
0.78574 895
0.78586 896
0.78598 897
0.7861 898
0.786221 899
0.786341 900
0.786461 901
0.786581 902
0.786701 903
0.786821 904
0.786942 905
0.787062 906
0.787182 907
0.787302 908
0.787422 909
0.787542 910
0.787663 911
0.787783 912
0.787903 913
0.788023 914
0.788143 915
0.788263 916
0.788384 917
0.788504 918
0.788624 919
0.788744 920
0.788864 921
0.788984 922
0.789104 923
0.789225 924
0.789345 925
0.789465 926
0.789585 927
0.789705 928
0.789825 929
0.789946 930
0.790066 931
0.790186 932
0.790306 933
0.790426 934
0.790546 935
0.790667 936
0.790787 937
0.790907 938
0.791027 939
0.791147 940
0.791267 941
0.791388 942
0.791508 943
0.791628 944
0.791748 945
0.791868 946
0.791988 947
0.792108 948
0.792229 949
0.792349 950
0.792469 951
0.792589 952
0.792709 953
0.792829 954
0.79295 955
0.79307 956
0.79319 957
0.79331 958
0.79343 959
0.79355 960
0.793671 961
0.793791 962
0.793911 963
0.794031 964
0.794151 965
0.794271 966
0.794392 967
0.794512 967.434
0.796554 673.044
0.826234 672.044
0.826234 673.044
0.826353 1000
0.826353 336.022
0.826353 337.022
0.826473 338.022
0.826594 339.022
0.826714 340.022
0.826834 341.022
0.826954 342.022
0.827074 343.022
0.827194 344.022
0.827315 345.022
0.827435 346.022
0.827555 347.022
0.827675 348.022
0.827795 349.022
0.827915 350.022
0.828036 351.022
0.828156 352.022
0.828276 353.022
0.828396 354.022
0.828516 355.022
0.828636 356.022
0.828757 357.022
0.828877 358.022
0.828997 359.022
0.829117 360.022
0.829237 361.022
0.829357 362.022
0.829477 363.022
0.829598 364.022
0.829718 365.022
0.829838 366.022
0.829958 367.022
0.830078 368.022
0.830198 369.022
0.830319 370.022
0.830439 371.022
0.830559 372.022
0.830679 373.022
0.830799 374.022
0.830919 375.022
0.83104 376.022
0.83116 377.022
0.83128 378.022
0.8314 379.022
0.83152 380.022
0.83164 381.022
0.831761 382.022
0.831881 383.022
0.832001 384.022
0.832121 385.022
0.832241 386.022
0.832361 387.022
0.832481 388.022
0.832602 389.022
0.832722 390.022
0.832842 391.022
0.832962 392.022
0.833082 393.022
0.833202 394.022
0.833323 395.022
0.833443 396.022
0.833563 397.022
0.833683 398.022
0.833803 399.022
0.833923 400.022
0.834044 401.022
0.834164 402.022
0.834284 403.022
0.834404 404.022
0.834524 405.022
0.834644 406.022
0.834765 407.022
0.834885 408.022
0.835005 409.022
0.835125 410.022
0.835245 411.022
0.835365 412.022
0.835485 413.022
0.835606 414.022
0.835726 415.022
0.835846 416.022
0.835966 417.022
0.836086 418.022
0.836206 419.022
0.836327 420.022
0.836447 421.022
0.836567 422.022
0.836687 423.022
0.836807 424.022
0.836927 425.022
0.837048 426.022
0.837168 427.022
0.837288 428.022
0.837408 429.022
0.837528 430.022
0.837648 431.022
0.837769 432.022
0.837889 433.022
0.838009 434.022
0.838129 435.022
0.838249 436.022
0.838369 437.022
0.838489 438.022
0.83861 439.022
0.83873 440.022
0.83885 441.022
0.83897 442.022
0.83909 443.022
0.83921 444.022
0.839331 445.022
0.839451 446.022
0.839571 447.022
0.839691 448.022
0.839811 449.022
0.839931 450.022
0.840052 451.022
0.840172 452.022
0.840292 453.022
0.840412 454.022
0.840532 455.022
0.840652 456.022
0.840773 457.022
0.840893 458.022
0.841013 459.022
0.841133 460.022
0.841253 461.022
0.841373 462.022
0.841493 463.022
0.841614 464.022
0.841734 465.022
0.841854 466.022
0.841974 467.022
0.842094 468.022
0.842214 469.022
0.842335 470.022
0.842455 471.022
0.842575 472.022
0.842695 473.022
0.842815 474.022
0.842935 475.022
0.843056 476.022
0.843176 477.022
0.843296 478.022
0.843416 479.022
0.843536 480.022
0.843656 481.022
0.843777 482.022
0.843897 483.022
0.844017 484.022
0.844137 485.022
0.844257 486.022
0.844377 487.022
0.844497 488.022
0.844618 489.022
0.844738 490.022
0.844858 491.022
0.844978 492.022
0.845098 493.022
0.845218 494.022
0.845339 495.022
0.845459 496.022
0.845579 497.022
0.845699 498.022
0.845819 499.022
0.845939 500.022
0.84606 501.022
0.84618 502.022
0.8463 503.022
0.84642 504.022
0.84654 505.022
0.84666 506.022
0.846781 507.022
0.846901 508.022
0.847021 509.022
0.847141 510.022
0.847261 511.022
0.847381 512.022
0.847501 513.022
0.847622 514.022
0.847742 515.022
0.847862 516.022
0.847982 517.022
0.848102 518.022
0.848222 519.022
0.848343 520.022
0.848463 521.022
0.848583 522.022
0.848703 523.022
0.848823 524.022
0.848943 525.022
0.849064 526.022
0.849184 527.022
0.849304 528.022
0.849424 529.022
0.849544 530.022
0.849664 531.022
0.849785 532.022
0.849905 533.022
0.850025 534.022
0.850145 535.022
0.850265 536.022
0.850385 537.022
0.850505 538.022
0.850626 539.022
0.850746 540.022
0.850866 541.022
0.850986 542.022
0.851106 543.022
0.851226 544.022
0.851347 545.022
0.851467 546.022
0.851587 547.022
0.851707 548.022
0.851827 549.022
0.851947 550.022
0.852068 551.022
0.852188 552.022
0.852308 553.022
0.852428 554.022
0.852548 555.022
0.852668 556.022
0.852789 557.022
0.852909 558.022
0.853029 559.022
0.853149 560.022
0.853269 561.022
0.853389 562.022
0.853509 563.022
0.85363 564.022
0.85375 565.022
0.85387 566.022
0.85399 567.022
0.85411 568.022
0.85423 569.022
0.854351 570.022
0.854471 571.022
0.854591 572.022
0.854711 573.022
0.854831 574.022
0.854951 575.022
0.855072 576.022
0.855192 577.022
0.855312 578.022
0.855432 579.022
0.855552 580.022
0.855672 581.022
0.855793 582.022
0.855913 583.022
0.856033 584.022
0.856153 585.022
0.856273 586.022
0.856393 587.022
0.856513 588.022
0.856634 589.022
0.856754 590.022
0.856874 591.022
0.856994 592.022
0.857114 593.022
0.857234 594.022
0.857355 595.022
0.857475 596.022
0.857595 597.022
0.857715 598.022
0.857835 599.022
0.857955 600.022
0.858076 601.022
0.858196 602.022
0.858316 603.022
0.858436 604.022
0.858556 605.022
0.858676 606.022
0.858797 607.022
0.858917 608.022
0.859037 609.022
0.859157 610.022
0.859277 611.022
0.859397 612.022
0.859517 613.022
0.859638 614.022
0.859758 615.022
0.859878 616.022
0.859998 617.022
0.860118 618.022
0.860238 619.022
0.860359 620.022
0.860479 621.022
0.860599 622.022
0.860719 623.022
0.860839 624.022
0.860959 625.022
0.86108 626.022
0.8612 627.022
0.86132 628.022
0.86144 629.022
0.86156 630.022
0.86168 631.022
0.861801 632.022
0.861921 633.022
0.862041 634.022
0.862161 635.022
0.862281 636.022
0.862401 637.022
0.862521 638.022
0.862642 639.022
0.862762 640.022
0.862882 641.022
0.863002 642.022
0.863122 643.022
0.863242 644.022
0.863363 645.022
0.863483 646.022
0.863603 647.022
0.863723 648.022
0.863843 649.022
0.863963 650.022
0.864084 651.022
0.864204 652.022
0.864324 653.022
0.864444 654.022
0.864564 655.022
0.864684 656.022
0.864805 657.022
0.864925 658.022
0.865045 659.022
0.865165 660.022
0.865285 661.022
0.865405 662.022
0.865525 663.022
0.865646 664.022
0.865766 665.022
0.865886 666.022
0.866006 667.022
0.866126 668.022
0.866246 669.022
0.866367 670.022
0.866487 671.022
0.866607 671.044
1.11233 670.778
1.13577 671.778
1.13589 672.778
1.17578 670.778
1.45587 671.778
1.45599 672.778
1.49588 670.778
1.77598 671.778
1.7761 672.778
1.81599 670.778
2.09608 671.778
2.0962 672.778
2.1361 670.778
2.41619 671.778
2.41631 672.778
2.4562 670.778
2.7363 671.778
2.73642 672.778
2.77631 670.778
3.0564 671.778
3.05652 672.778
3.09642 670.778
3.37651 671.778
3.37663 672.778
3.41652 670.778
3.69662 671.778
3.69674 672.778
3.73663 670.778
4.01672 671.778
4.01684 672.778
4.05673 670.778
4.33683 671.778
4.33695 672.778
4.37684 670.778
4.65693 671.778
4.65705 672.778
4.69695 670.778
4.97704 671.778
4.97716 672.778
5.01705 670.778
5.29728 671.778
5.2974 672.778
5.33729 670.778
5.38932 668
5.38932 666
5.38932 668
5.38968 667
5.3904 666
5.39064 665
5.39076 663
5.39088 662
5.39124 661
5.39136 660
5.39172 659
5.39184 658
5.3922 657
5.39232 656
5.39256 655
5.39305 654
5.39353 653
5.39413 652
5.39425 651
5.39473 650
5.39485 649
5.39509 647
5.39533 646
5.39557 645
5.39593 644
5.39605 642
5.39677 640
5.39701 639
5.39713 637
5.39737 636
5.39749 635
5.39761 634
5.39809 633
5.39821 632
5.39833 630
5.39905 628
5.39917 627
5.39929 625
5.39989 623
5.4005 621
5.40062 620
5.40086 619
5.40134 618
5.40158 616
5.4017 615
5.40194 613
5.40218 611
5.40278 609
5.4029 608
5.40326 607
5.40338 606
5.40386 605
5.40398 604
5.40422 602
5.40446 601
5.4047 600
5.40506 599
5.40518 597
5.4059 595
5.40614 594
5.40626 592
5.4065 591
5.40662 590
5.40674 589
5.40722 588
5.40734 587
5.40746 585
5.40795 583
5.40843 581
5.40903 579
5.40951 577
5.40999 576
5.41023 575
5.41047 574
5.41071 573
5.41083 572
5.41131 570
5.41179 568
5.41239 567
5.41251 566
5.41287 565
5.41299 564
5.41335 563
5.41359 562
5.41383 561
5.41407 560
5.41419 559
5.41479 557
5.41527 555
5.41576 554
5.41588 553
5.41624 552
5.41636 551
5.4166 550
5.41708 548
5.41756 546
5.41816 544
5.41864 542
5.41912 541
5.41936 540
5.4196 539
5.41984 538
5.41996 537
5.42044 535
5.42092 533
5.42152 532
5.43606 531
5.43726 530
5.43762 529
5.43799 528
5.43895 527
5.43991 526
5.44099 525
5.44135 524
5.44231 523
5.44483 522
5.44519 521
5.44616 520
5.44856 519
5.44952 518
5.45144 517
5.4524 516
5.45385 515
5.45625 514
5.45709 513
5.45877 512
5.45913 511
5.46214 510
5.46238 509
5.46286 508
5.46334 507
5.46394 506
5.46418 505
5.46466 504
5.46526 503
5.4655 502
5.46598 501
5.46646 500
5.46706 499
5.4673 498
5.46947 499
5.46971 500
5.46983 501
5.46995 502
5.47019 503
5.47031 504
5.47043 505
5.47067 506
5.47079 507
5.47103 508
5.47115 509
5.47127 510
5.47151 511
5.47163 512
5.47187 513
5.47199 514
5.47211 515
5.47235 516
5.47247 517
5.47259 518
5.47271 519
5.47295 520
5.47307 521
5.47319 520
5.47319 521
5.47331 520
5.47331 521
5.47343 522
5.47355 521
5.47355 522
5.47367 523
5.47379 524
5.47403 525
5.47427 524
5.47427 525
5.47451 524
5.47451 525
5.47463 524
5.47463 525
5.47475 524
5.47475 525
5.47499 524
5.47499 525
5.47511 524
5.47511 525
5.47523 524
5.47523 525
5.47548 526
5.4756 525
5.4756 526
5.47572 525
5.47572 526
5.47596 527
5.47608 526
5.47608 527
5.4762 526
5.4762 527
5.47632 528
5.47644 527
5.47644 528
5.47656 529
5.47668 530
5.4768 531
5.47692 530
5.47692 531
5.47704 532
5.47716 533
5.47728 534
5.4774 533
5.4774 534
5.47752 535
5.47764 536
5.47788 537
5.478 536
5.478 537
5.47812 536
5.47812 537
5.47836 538
5.4786 537
5.4786 538
5.47872 537
5.47872 538
5.47896 537
5.47896 538
5.47908 537
5.47908 538
5.4792 537
5.4792 538
5.47944 537
5.47944 538
5.47968 539
5.4798 538
5.4798 539
5.47992 538
5.47992 539
5.48016 538
5.48016 539
5.4804 540
5.48064 539
5.48064 540
5.48088 539
5.48088 540
5.481 539
5.481 540
5.48124 539
5.48124 540
5.48136 539
5.48136 540
5.48148 539
5.48148 540
5.48172 539
5.48172 540
5.48196 539
5.48196 540
5.48208 539
5.48208 540
5.4822 539
5.4822 540
5.48244 539
5.48244 540
5.48268 539
5.48268 540
5.48293 539
5.48293 540
5.48305 539
5.48305 540
5.48317 539
5.48317 540
5.48329 539
5.48329 540
5.48353 539
5.48353 540
5.48365 541
5.48377 540
5.48377 541
5.48401 540
5.48401 541
5.48425 542
5.48437 541
5.48437 542
5.48449 541
5.48449 542
5.48473 541
5.48473 542
5.48497 541
5.48497 542
5.48521 541
5.48521 542
5.48545 541
5.48545 542
5.48557 541
5.48557 542
5.48581 541
5.48581 542
5.48593 541
5.48593 542
5.48605 541
5.48605 542
5.48629 541
5.48629 542
5.48653 541
5.48653 542
5.48665 541
5.48665 542
5.48677 541
5.48677 542
5.48701 541
5.48701 542
5.48713 541
5.48713 542
5.48725 541
5.48725 542
5.48749 543
5.48773 542
5.48773 543
5.48785 542
5.48785 543
5.48809 542
5.48809 543
5.48821 542
5.48821 543
5.48833 542
5.48833 543
5.48857 542
5.48857 543
5.48881 544
5.48893 543
5.48893 544
5.48905 543
5.48905 544
5.48929 543
5.48929 544
5.48953 545
5.48977 544
5.48977 545
5.49001 544
5.49001 545
5.49013 544
5.49013 545
5.49037 544
5.49037 545
5.4905 544
5.4905 545
5.49062 544
5.49062 545
5.49086 544
5.49086 545
5.4911 544
5.4911 545
5.49122 544
5.49122 545
5.49134 544
5.49134 545
5.49158 544
5.49158 545
5.4917 544
5.4917 545
5.49182 544
5.49182 545
5.49206 544
5.49206 545
5.49218 546
5.4923 545
5.4923 546
5.49242 545
5.49242 546
5.49266 547
5.49278 548
5.4929 547
5.4929 548
5.49314 547
5.49314 548
5.49326 549
5.49338 548
5.49338 549
5.4935 548
5.4935 549
5.49362 550
5.49386 549
5.49386 550
5.49398 551
5.4941 550
5.4941 551
5.49434 550
5.49434 551
5.49446 552
5.49458 551
5.49458 552
5.4947 551
5.4947 552
5.49494 553
5.49506 554
5.49518 553
5.49518 554
5.49542 553
5.49542 554
5.49554 555
5.49566 554
5.49566 555
5.49578 554
5.49578 555
5.4959 556
5.49614 557
5.49626 556
5.49626 557
5.49638 556
5.49638 557
5.49662 558
5.49674 557
5.49674 558
5.49686 557
5.49686 558
5.49698 559
5.49722 558
5.49722 559
5.49734 560
5.49746 559
5.49746 560
5.4977 559
5.4977 560
5.49782 561
5.49795 560
5.49795 561
5.49807 560
5.49807 561
5.49819 562
5.49843 563
5.49855 564
5.49867 563
5.49867 564
5.49891 563
5.49891 564
5.49903 565
5.49915 564
5.49915 565
5.49927 564
5.49927 565
5.49951 566
5.49963 565
5.49963 566
5.49975 565
5.49975 566
5.49999 567
5.50011 566
5.50011 567
5.50023 566
5.50023 567
5.50035 568
5.50047 567
5.50047 568
5.50071 569
5.50083 570
5.50095 569
5.50095 570
5.50119 569
5.50119 570
5.50131 571
5.50143 570
5.50143 571
5.50155 570
5.50155 571
5.50179 572
5.50191 573
5.50203 572
5.50203 573
5.50227 572
5.50227 573
5.50239 574
5.50251 573
5.50251 574
5.50263 573
5.50263 574
5.50275 575
5.50299 574
5.50299 575
5.50311 576
5.50323 575
5.50323 576
5.50347 575
5.50347 576
5.50359 577
5.50371 576
5.50371 577
5.50383 576
5.50383 577
5.50407 578
5.50419 579
5.50431 578
5.50431 579
5.50455 578
5.50455 579
5.50467 580
5.50479 579
5.50479 580
5.50491 579
5.50491 580
5.50503 581
5.50527 582
5.50539 581
5.50539 582
5.50552 583
5.50576 584
5.50588 585
5.506 586
5.50612 587
5.50636 588
5.50648 589
5.5066 590
5.50684 591
5.50696 592
5.50708 593
5.5072 594
5.50744 595
5.50756 596
5.50768 597
5.50792 598
5.50816 599
5.50828 600
5.5084 601
5.50864 602
5.50876 603
5.50888 604
5.50912 605
5.50924 606
5.50936 607
5.50948 608
5.5096 609
5.50984 610
5.50996 611
5.51008 612
5.51032 613
5.51044 614
5.51056 615
5.51068 616
5.5108 617
5.51104 618
5.51116 619
5.51128 620
5.51152 621
5.51176 622
5.51188 623
5.51212 624
5.51224 625
5.51236 626
5.5126 627
5.51272 628
5.51284 629
5.51297 630
5.51321 631
5.51333 632
5.51345 633
5.51369 634
5.51393 635
5.51405 636
5.51417 637
5.51441 638
5.51453 639
5.51465 640
5.51489 641
5.51501 642
5.51513 643
5.51525 644
5.51549 645
5.51561 646
5.51573 647
5.51597 648
5.51609 649
5.51621 650
5.51645 651
5.51657 652
5.51669 653
5.51693 654
5.51705 655
5.51717 656
5.51741 657
5.51753 658
5.51765 659
5.51789 660
5.51801 661
5.51813 662
5.51825 663
5.51849 664
5.51861 665
5.51873 666
5.51897 667
5.51921 668
5.51933 669
5.51957 670
5.51969 670.778
5.51993 669.778
5.51993 670.778
5.52114 669.778
5.52114 670.778
5.5215 669.778
5.5215 670.778
5.52186 669.778
5.52186 670.778
5.52282 669.778
5.52282 670.778
5.52378 669.778
5.52378 670.778
5.52486 669.778
5.52486 670.778
5.52522 669.778
5.52522 670.778
5.52606 669.778
5.52606 670.778
5.52618 669.778
5.52618 670.778
5.52871 669.778
5.52871 670.778
5.52907 669.778
5.52907 670.778
5.53003 669.778
5.53003 670.778
5.53243 669.778
5.53243 670.778
5.53339 669.778
5.53339 670.778
5.53531 669.778
5.53531 670.778
5.53628 669.778
5.53628 670.778
5.53772 669.778
5.53772 670.778
5.54012 669.778
5.54012 670.778
5.54096 669.778
5.54096 670.778
5.54264 669.778
5.54264 670.778
5.54301 669.778
5.54301 670.778
5.54601 669.778
5.54601 670.778
5.54625 669.778
5.54625 670.778
5.54673 669.778
5.54673 670.778
5.54721 669.778
5.54721 670.778
5.54781 669.778
5.54781 670.778
5.54805 669.778
5.54805 670.778
5.54853 669.778
5.54853 670.778
5.54913 669.778
5.54913 670.778
5.54937 669.778
5.54937 670.778
5.54985 669.778
5.54985 670.778
5.55033 669.778
5.55033 670.778
5.55093 669.778
5.55093 670.778
5.55117 336.022
5.55117 337.022
5.55141 338.022
5.55153 339.022
5.55166 667
5.55334 668
5.55358 669
5.5537 670
5.55382 669
5.55382 670
5.55406 670.778
5.5543 669.778
5.5543 670.778
5.5549 669.778
5.5549 670.778
5.55514 669.778
5.55514 670.778
5.55574 669.778
5.55574 670.778
5.55598 669.778
5.55598 670.778
5.55646 669.778
5.55646 670.778
5.55706 669.778
5.55706 670.778
5.55815 669.778
5.55815 670.778
5.55863 669.778
5.55863 670.778
5.55911 669.778
5.55911 670.778
5.55959 669.778
5.55959 670.778
5.56007 669.778
5.56007 670.778
5.56199 669.778
5.56199 670.778
5.56259 669.778
5.56259 670.778
5.56283 669.778
5.56283 670.778
5.56307 669.778
5.56307 670.778
5.56367 669.778
5.56367 670.778
5.56379 669.778
5.56379 670.778
5.56451 669.778
5.56451 670.778
5.56463 669.778
5.56463 670.778
5.56475 669.778
5.56475 670.778
5.56535 669.778
5.56535 670.778
5.56584 669.778
5.56584 670.778
5.56656 669.778
5.56656 670.778
5.56764 669.778
5.56764 670.778
5.56824 669.778
5.56824 670.778
5.56836 669.778
5.56836 670.778
5.56908 669.778
5.56908 670.778
5.56932 669.778
5.56932 670.778
5.56944 669.778
5.56944 670.778
5.56968 669.778
5.56968 670.778
5.56992 669.778
5.56992 670.778
5.57052 669.778
5.57052 670.778
5.57064 669.778
5.57064 670.778
5.57112 669.778
5.57112 670.778
5.57172 669.778
5.57172 670.778
5.57196 669.778
5.57196 670.778
5.5722 669.778
5.5722 670.778
5.5728 669.778
5.5728 670.778
5.57365 669.778
5.57365 670.778
5.57401 669.778
5.57401 670.778
5.57677 669.778
5.57677 670.778
5.57725 669.778
5.57725 670.778
5.57797 669.778
5.57797 670.778
5.57845 669.778
5.57845 670.778
5.57905 669.778
5.57905 670.778
5.57953 669.778
5.57953 670.778
5.58025 669.778
5.58025 670.778
5.58074 669.778
5.58074 670.778
5.58134 669.778
5.58134 670.778
5.58182 669.778
5.58182 670.778
5.58254 669.778
5.58254 670.778
5.58302 669.778
5.58302 670.778
5.58362 669.778
5.58362 670.778
5.5841 669.778
5.5841 670.778
5.58482 669.778
5.58482 670.778
5.5853 669.778
5.5853 670.778
5.5859 669.778
5.5859 670.778
5.58638 669.778
5.58638 670.778
5.5871 669.778
5.5871 670.778
5.58758 669.778
5.58758 670.778
5.58819 669.778
5.58819 670.778
5.58867 669.778
5.58867 670.778
5.58939 669.778
5.58939 670.778
5.58987 669.778
5.58987 670.778
5.59047 669.778
5.59047 670.778
5.59095 669.778
5.59095 670.778
5.59155 669.778
5.59155 670.778
5.59215 669.778
5.59215 670.778
5.59227 669.778
5.59227 670.778
5.59275 669.778
5.59275 670.778
5.59323 669.778
5.59323 670.778
5.59395 669.778
5.59395 670.778
5.59443 669.778
5.59443 670.778
5.59515 669.778
5.59515 670.778
5.59576 669.778
5.59576 670.778
5.596 669.778
5.596 670.778
5.59624 669.778
5.59624 670.778
5.59672 669.778
5.59672 670.778
5.59732 669.778
5.59732 670.778
5.59792 669.778
5.59792 670.778
5.59804 669.778
5.59804 670.778
5.59852 669.778
5.59852 670.778
5.599 669.778
5.599 670.778
5.5996 669.778
5.5996 670.778
5.60008 669.778
5.60008 670.778
5.60056 669.778
5.60056 670.778
5.60104 669.778
5.60104 670.778
5.60152 669.778
5.60152 670.778
5.602 669.778
5.602 670.778
5.6026 669.778
5.6026 670.778
5.60321 669.778
5.60321 670.778
5.60345 669.778
5.60345 670.778
5.60381 669.778
5.60381 670.778
5.60417 669.778
5.60417 670.778
5.60441 669.778
5.60441 670.778
5.60465 669.778
5.60465 670.778
5.60513 669.778
5.60513 670.778
5.60573 669.778
5.60573 670.778
5.60609 669.778
5.60609 670.778
5.60633 669.778
5.60633 670.778
5.60669 669.778
5.60669 670.778
5.60705 669.778
5.60705 670.778
5.60729 669.778
5.60729 670.778
5.60765 669.778
5.60765 670.778
5.60789 669.778
5.60789 670.778
5.60849 669.778
5.60849 670.778
5.60981 669.778
5.60981 670.778
5.60993 669.778
5.60993 670.778
5.61053 669.778
5.61053 670.778
5.61126 669.778
5.61126 670.778
5.6115 669.778
5.6115 670.778
5.6121 669.778
5.6121 670.778
5.61234 669.778
5.61234 670.778
5.61306 669.778
5.61306 670.778
5.61354 669.778
5.61354 670.778
5.61438 669.778
5.61438 670.778
5.6145 669.778
5.6145 670.778
5.6151 669.778
5.6151 670.778
5.61534 669.778
5.61534 670.778
5.61594 669.778
5.61594 670.778
5.61618 669.778
5.61618 670.778
5.6169 669.778
5.6169 670.778
5.61774 669.778
5.61774 670.778
5.61798 669.778
5.61798 670.778
5.61811 671.778
5.61823 670.778
5.61823 671.778
5.61847 672.778
5.61883 671.778
5.61883 672.778
5.61907 671.778
5.61907 672.778
5.61979 671.778
5.61979 672.778
5.62063 671.778
5.62063 672.778
5.62087 671.778
5.62087 672.778
5.62123 671.778
5.62123 672.778
5.62159 671.778
5.62159 672.778
5.62195 671.778
5.62195 672.778
5.62219 671.778
5.62219 672.778
5.62267 671.778
5.62267 672.778
5.62327 671.778
5.62327 672.778
5.62363 671.778
5.62363 672.778
5.62399 671.778
5.62399 672.778
5.62435 671.778
5.62435 672.778
5.62447 671.778
5.62447 672.778
5.62507 671.778
5.62507 672.778
5.62568 671.778
5.62568 672.778
5.62604 671.778
5.62604 672.778
5.6264 671.778
5.6264 672.778
5.62652 671.778
5.62652 672.778
5.62736 671.778
5.62736 672.778
5.6276 671.778
5.6276 672.778
5.62784 671.778
5.62784 672.778
5.62832 671.778
5.62832 672.778
5.63769 671.778
5.63769 672.778
5.63829 671.778
5.63829 672.778
5.63889 671.778
5.63889 672.778
5.63913 671.778
5.63913 672.778
5.63973 671.778
5.63973 672.778
5.63997 671.778
5.63997 672.778
5.64045 671.778
5.64045 672.778
5.64106 671.778
5.64106 672.778
5.64214 671.778
5.64214 672.778
5.64262 671.778
5.64262 672.778
5.6431 671.778
5.6431 672.778
5.64358 671.778
5.64358 672.778
5.64406 671.778
5.64406 672.778
5.64598 671.778
5.64598 672.778
5.64658 671.778
5.64658 672.778
5.64682 671.778
5.64682 672.778
5.64706 671.778
5.64706 672.778
5.64766 671.778
5.64766 672.778
5.64778 671.778
5.64778 672.778
5.64839 671.778
5.64839 672.778
5.64863 671.778
5.64863 672.778
5.64923 671.778
5.64923 672.778
5.64947 671.778
5.64947 672.778
5.64971 671.778
5.64971 672.778
5.64983 671.778
5.64983 672.778
5.65043 671.778
5.65043 672.778
5.65055 671.778
5.65055 672.778
5.65151 671.778
5.65151 672.778
5.65175 671.778
5.65175 672.778
5.65199 671.778
5.65199 672.778
5.65211 671.778
5.65211 672.778
5.65223 671.778
5.65223 672.778
5.65271 671.778
5.65271 672.778
5.65295 671.778
5.65295 672.778
5.65319 671.778
5.65319 672.778
5.65331 671.778
5.65331 672.778
5.65355 671.778
5.65355 672.778
5.65379 671.778
5.65379 672.778
5.65403 671.778
5.65403 672.778
5.65427 671.778
5.65427 672.778
5.65439 671.778
5.65439 672.778
5.65451 671.778
5.65451 672.778
5.65499 671.778
5.65499 672.778
5.65523 671.778
5.65523 672.778
5.65547 671.778
5.65547 672.778
5.65559 671.778
5.65559 672.778
5.65584 671.778
5.65584 672.778
5.65608 671.778
5.65608 672.778
5.65644 671.778
5.65644 672.778
5.65656 671.778
5.65656 672.778
5.65668 671.778
5.65668 672.778
5.65752 671.778
5.65752 672.778
5.65776 671.778
5.65776 670.778
5.65788 669.778
5.65788 670.778
5.65812 669.778
5.65812 670.778
5.65824 669.778
5.65824 670.778
5.65836 669.778
5.65836 670.778
5.66064 669.778
5.66064 670.778
5.66112 669.778
5.66112 670.778
5.66124 669.778
5.66124 670.778
5.66184 669.778
5.66184 670.778
5.66208 669.778
5.66208 670.778
5.66232 669.778
5.66232 670.778
5.66244 669.778
5.66244 670.778
5.66292 669.778
5.66292 670.778
5.66317 669.778
5.66317 670.778
5.66341 669.778
5.66341 670.778
5.66353 669.778
5.66353 670.778
5.66413 669.778
5.66413 670.778
5.66437 669.778
5.66437 670.778
5.66461 669.778
5.66461 670.778
5.66473 669.778
5.66473 670.778
5.66521 669.778
5.66521 670.778
5.66545 669.778
5.66545 670.778
5.66569 669.778
5.66569 670.778
5.66581 669.778
5.66581 670.778
5.66641 669.778
5.66641 670.778
5.66665 669.778
5.66665 670.778
5.66689 669.778
5.66689 670.778
5.66701 669.778
5.66701 670.778
5.66749 669.778
5.66749 670.778
5.66773 669.778
5.66773 670.778
5.66797 669.778
5.66797 670.778
5.66809 669.778
5.66809 670.778
5.66869 669.778
5.66869 670.778
5.66893 669.778
5.66893 670.778
5.66917 669.778
5.66917 670.778
5.66929 669.778
5.66929 670.778
5.66977 669.778
5.66977 670.778
5.67001 669.778
5.67001 670.778
5.67025 669.778
5.67025 670.778
5.67037 669.778
5.67037 670.778
5.67098 669.778
5.67098 670.778
5.67122 669.778
5.67122 670.778
5.67146 669.778
5.67146 670.778
5.67158 669.778
5.67158 670.778
5.67206 669.778
5.67206 670.778
5.6723 669.778
5.6723 670.778
5.67254 669.778
5.67254 670.778
5.67266 669.778
5.67266 670.778
5.67326 669.778
5.67326 670.778
5.6735 669.778
5.6735 670.778
5.67374 669.778
5.67374 670.778
5.67386 669.778
5.67386 670.778
5.67434 669.778
5.67434 670.778
5.67458 669.778
5.67458 670.778
5.67482 669.778
5.67482 670.778
5.67494 669.778
5.67494 670.778
5.67542 669.778
5.67542 670.778
5.67566 669.778
5.67566 670.778
5.67602 669.778
5.67602 670.778
5.67614 669.778
5.67614 670.778
5.67638 669.778
5.67638 670.778
5.67662 669.778
5.67662 670.778
5.67686 669.778
5.67686 670.778
5.6771 669.778
5.6771 670.778
5.67722 669.778
5.67722 670.778
5.67782 669.778
5.67782 670.778
5.67806 669.778
5.67806 670.778
5.67831 669.778
5.67831 670.778
5.67843 669.778
5.67843 670.778
5.67903 669.778
5.67903 670.778
5.67927 669.778
5.67927 670.778
5.67963 669.778
5.67963 670.778
5.67987 669.778
5.67987 670.778
5.67999 669.778
5.67999 670.778
5.68011 669.778
5.68011 670.778
5.68035 669.778
5.68035 670.778
5.68047 669.778
5.68047 670.778
5.68059 669.778
5.68059 670.778
5.68071 669.778
5.68071 670.778
5.68119 669.778
5.68119 670.778
5.68143 669.778
5.68143 670.778
5.68179 669.778
5.68179 670.778
5.68191 669.778
5.68191 670.778
5.68215 669.778
5.68215 670.778
5.68227 669.778
5.68227 670.778
5.68239 669.778
5.68239 670.778
5.68263 669.778
5.68263 670.778
5.68287 669.778
5.68287 670.778
5.68299 669.778
5.68299 670.778
5.68347 669.778
5.68347 670.778
5.68371 669.778
5.68371 670.778
5.68395 669.778
5.68395 670.778
5.68419 669.778
5.68419 670.778
5.68443 669.778
5.68443 670.778
5.68467 669.778
5.68467 670.778
5.68491 669.778
5.68491 670.778
5.68515 669.778
5.68515 670.778
5.68539 669.778
5.68539 670.778
5.68563 669.778
5.68563 670.778
5.68588 669.778
5.68588 670.778
5.686 669.778
5.686 670.778
5.68648 669.778
5.68648 670.778
5.68672 669.778
5.68672 670.778
5.68708 669.778
5.68708 670.778
5.68732 669.778
5.68732 670.778
5.68744 669.778
5.68744 670.778
5.68768 669.778
5.68768 670.778
5.68792 669.778
5.68792 670.778
5.68804 669.778
5.68804 670.778
5.68828 669.778
5.68828 670.778
5.6884 669.778
5.6884 670.778
5.68852 669.778
5.68852 670.778
5.68876 668.778
5.68876 669.778
5.68888 668.778
5.68888 669.778
5.689 668.778
5.689 669.778
5.68924 668.778
5.68924 669.778
5.68936 670.778
5.6896 669.778
5.6896 670.778
5.68972 669.778
5.68972 670.778
5.68996 669.778
5.68996 670.778
5.6902 669.778
5.6902 670.778
5.69032 669.778
5.69032 670.778
5.69056 669.778
5.69056 670.778
5.69092 669.778
5.69092 670.778
5.69104 669.778
5.69104 670.778
5.69116 669.778
5.69116 670.778
5.69128 668.778
5.69128 669.778
5.6914 670.778
5.69152 669.778
5.69152 670.778
5.69176 669.778
5.69176 670.778
5.69236 669.778
5.69236 670.778
5.69369 669.778
5.69369 670.778
5.69441 669.778
5.69441 670.778
5.69453 669.778
5.69453 670.778
5.69501 669.778
5.69501 670.778
5.69513 669.778
5.69513 670.778
5.69537 669.778
5.69537 670.778
5.69585 669.778
5.69585 670.778
5.69597 669.778
5.69597 670.778
5.69621 669.778
5.69621 670.778
5.69693 669.778
5.69693 670.778
5.69741 669.778
5.69741 670.778
5.69813 669.778
5.69813 670.778
5.69825 669.778
5.69825 670.778
5.69837 669.778
5.69837 670.778
5.69897 669.778
5.69897 670.778
5.69921 669.778
5.69921 670.778
5.69969 669.778
5.69969 670.778
5.69981 669.778
5.69981 670.778
5.70005 669.778
5.70005 670.778
5.70078 669.778
5.70078 670.778
5.70162 669.778
5.70162 670.778
5.70174 669.778
5.70174 670.778
5.7021 669.778
5.7021 670.778
5.70234 669.778
5.70234 670.778
5.70258 669.778
5.70258 670.778
5.7027 669.778
5.7027 670.778
5.70282 669.778
5.70282 670.778
5.70294 669.778
5.70294 670.778
5.7033 669.778
5.7033 670.778
5.70366 669.778
5.70366 670.778
5.70402 669.778
5.70402 670.778
5.70426 669.778
5.70426 670.778
5.7045 669.778
5.7045 670.778
5.70486 669.778
5.70486 670.778
5.70534 669.778
5.70534 670.778
5.7057 669.778
5.7057 670.778
5.70594 669.778
5.70594 670.778
5.70606 669.778
5.70606 670.778
5.70654 669.778
5.70654 670.778
5.7069 669.778
5.7069 670.778
5.70702 669.778
5.70702 670.778
5.70738 669.778
5.70738 670.778
5.70786 669.778
5.70786 670.778
5.7081 669.778
5.7081 670.778
5.70823 669.778
5.70823 670.778
5.70835 669.778
5.70835 670.778
5.70847 669.778
5.70847 670.778
5.70895 669.778
5.70895 670.778
5.70931 669.778
5.70931 670.778
5.70943 669.778
5.70943 670.778
5.70979 669.778
5.70979 670.778
5.71015 669.778
5.71015 670.778
5.71039 669.778
5.71039 670.778
5.71051 669.778
5.71051 670.778
5.71111 669.778
5.71111 670.778
5.71147 669.778
5.71147 670.778
5.71171 669.778
5.71171 670.778
5.71195 669.778
5.71195 670.778
5.71219 669.778
5.71219 670.778
5.71255 669.778
5.71255 670.778
5.71976 654.041
5.73202 653.041
5.73202 654.041
5.7325 653.041
5.7325 654.041
5.7331 653.041
5.7331 654.041
5.73406 653.041
5.73406 654.041
5.73442 653.041
5.73442 654.041
5.7349 653.041
5.7349 654.041
5.73586 653.041
5.73586 654.041
5.73634 653.041
5.73634 654.041
5.73718 653.041
5.73718 654.041
5.73766 653.041
5.73766 654.041
5.73863 653.041
5.73863 654.041
5.73887 653.041
5.73887 654.041
5.74055 653.041
5.74055 654.041
5.74079 653.041
5.74079 654.041
5.74091 653.041
5.74091 654.041
5.74115 653.041
5.74115 654.041
5.74451 653.041
5.74451 654.041
5.74559 653.041
5.74559 654.041
5.74608 653.041
5.74608 654.041
5.74692 653.041
5.74692 654.041
5.74716 653.041
5.74716 654.041
5.74836 653.041
5.74836 654.041
5.7486 653.041
5.7486 654.041
5.74944 653.041
5.74944 654.041
5.74968 653.041
5.74968 654.041
5.75064 653.041
5.75064 654.041
5.75088 653.041
5.75088 654.041
5.75124 653.041
5.75124 654.041
5.75172 653.041
5.75172 654.041
5.75196 653.041
5.75196 654.041
5.75292 653.041
5.75292 654.041
5.75304 653.041
5.75304 654.041
5.75401 653.041
5.75401 654.041
5.75425 653.041
5.75425 654.041
5.75473 653.041
5.75473 654.041
5.75521 653.041
5.75521 654.041
5.75557 653.041
5.75557 654.041
5.75629 653.041
5.75629 654.041
5.75641 653.041
5.75641 654.041
5.75749 653.041
5.75749 654.041
5.75773 653.041
5.75773 654.041
5.75857 653.041
5.75857 654.041
5.75893 653.041
5.75893 654.041
5.75977 653.041
5.75977 654.041
5.76037 653.041
5.76037 654.041
5.76086 653.041
5.76086 654.041
5.7611 653.041
5.7611 654.041
5.76206 653.041
5.76206 654.041
5.76218 653.041
5.76218 654.041
5.76326 653.041
5.76326 654.041
5.76386 653.041
5.76386 654.041
5.76434 653.041
5.76434 654.041
5.76446 653.041
5.76446 654.041
5.7647 653.041
5.7647 654.041
5.76494 653.041
5.76494 654.041
5.76554 653.041
5.76554 654.041
5.76614 653.041
5.76614 654.041
5.76626 653.041
5.76626 654.041
5.76662 653.041
5.76662 654.041
5.76686 653.041
5.76686 654.041
5.7677 653.041
5.7677 654.041
5.76999 653.041
5.76999 654.041
5.77083 653.041
5.77083 654.041
5.77191 653.041
5.77191 654.041
5.77227 653.041
5.77227 654.041
5.77239 653.041
5.77239 654.041
5.77275 653.041
5.77275 654.041
5.77287 653.041
5.77287 654.041
5.77323 653.041
5.77323 654.041
5.77335 653.041
5.77335 654.041
5.77347 653.041
5.77347 654.041
5.77359 653.041
5.77359 654.041
5.77371 653.041
5.77371 654.041
5.77419 653.041
5.77419 654.041
5.77467 653.041
5.77467 654.041
5.77503 653.041
5.77503 654.041
5.77515 653.041
5.77515 654.041
5.77768 653.041
5.77768 654.041
5.77816 653.041
5.77816 654.041
5.77876 653.041
5.77876 654.041
5.7808 653.041
5.7808 654.041
5.7826 653.041
5.7826 654.041
5.78465 653.041
5.78465 654.041
5.78489 653.041
5.78489 654.041
5.78513 653.041
5.78513 654.041
5.78561 653.041
5.78561 654.041
5.78633 653.041
5.78633 654.041
5.78765 653.041
5.78765 654.041
5.78849 653.041
5.78849 654.041
5.78909 653.041
5.78909 654.041
5.78933 653.041
5.78933 654.041
5.79017 653.041
5.79017 654.041
5.79077 653.041
5.79077 654.041
5.79186 653.041
5.79186 654.041
5.79246 653.041
5.79246 654.041
5.81661 653.041
5.81661 654.041
5.81757 653.041
5.81757 654.041
5.81865 653.041
5.81865 654.041
5.81961 653.041
5.81961 654.041
5.82009 653.041
5.82009 654.041
5.82081 653.041
5.82081 654.041
5.82226 653.041
5.82226 654.041
5.82298 653.041
5.82298 654.041
5.82454 653.041
5.82454 654.041
5.82586 653.041
5.82586 654.041
5.8261 653.041
5.8261 654.041
5.82646 653.041
5.82646 654.041
5.82778 653.041
5.82778 654.041
5.82971 653.041
5.82971 654.041
5.83043 653.041
5.83043 654.041
5.83079 653.041
5.83079 654.041
5.83091 653.041
5.83091 654.041
5.83115 653.041
5.83115 654.041
5.90961 596.067
5.93461 6.24931
5.93821 7.24931
5.93833 8.24931
5.97834 6.24931
6.60993 1
6.65009 2
6.65009 4
6.72394 5
6.77934 4.88329
7.12137 5.88329
7.21692 4.88329
7.89848 5.88329
7.99402 4.54282
8.47593 4.34876
8.85936 5.34876
8.99279 6.34876
9.41975 6.22445
10.2316 3.98412
10.2316 4
10.3491 3.98135
10.3491 4
10.4558 667
10.496 4.27555
10.6429 4.26865
10.7897 5.26865
10.9366 6.17265
11.0835 6.16851
11.2412 6.16506
11.3988 6.16229
11.5565 6.15953
11.7142 6.15746
11.8718 6.15539
12.0295 5.97238
12.1872 5.97099
12.3742 5.96961
12.5612 5.96892
12.7483 5.96823
12.9353 5.91436
13.3202 5.91367
13.518 5.91298
13.7158 5.91229
14.1114 5.9116
14.3093 5.79351
15.4158 5.75691
17.0708 5.67334
18.3782 5.6471
20.3142 5.58494
21.8223 5.56492
24.0395 5.51727
25.7484 5.50138
28.2466 5.46409
30.1562 5.45166
32.9355 5.42058
35.0459 5.4116
35.4739 5.41091
38.1063 5.38467
40.4175 5.37569
43.759 5.35359
46.271 5.34599
49.8936 5.32804
